DOWN
4 0 2 0 16
0 0 0 0 0
8 0 0 2 0
2 0 0 0 4
8 0 2 0 0
AFTER
0 0 0 0 0
4 0 0 0 0
8 0 0 0 0
2 0 0 0 16
8 0 4 2 4
---------
LEFT
0 0 2 8 0
0 4 0 4 2
0 16 4 0 0
4 0 2 8 0
0 0 2 0 2
AFTER
2 8 0 0 0
8 2 0 0 0
16 4 0 0 0
4 2 8 0 0
4 0 0 0 0
---------
UP
8 2 4 2 2
0 0 0 0 2
0 4 0 0 0
2 0 0 2 0
0 8 32 16 4
AFTER
8 2 4 4 4
2 4 32 16 4
0 8 0 0 0
0 0 0 0 0
0 0 0 0 0
---------
RIGHT
0 0 0 0 4
2 2 2 0 0
2 2 0 0 2
2 0 0 2 0
2 4 0 0 0
AFTER
0 0 0 0 4
0 0 0 4 2
0 0 0 4 2
0 0 0 0 4
0 0 0 2 4
---------
DOWN
2 4 2 2 2
2 2 8 8 0
2 2 0 2 64
32 0 4 0 2
0 2 2 0 8
AFTER
0 0 0 0 0
0 0 2 0 2
4 4 8 2 64
2 4 4 8 2
32 2 2 2 8
---------
UP
0 0 2 4 4 0
4 2 2 2 2 4
2 8 2 0 0 0
2 4 8 128 0 2
0 2 32 4 8 2
16 2 4 8 2 0
AFTER
4 2 4 4 4 4
4 8 2 2 2 4
16 4 8 128 8 0
0 4 32 4 2 0
0 0 4 8 0 0
0 0 0 0 0 0
---------
RIGHT
2 0 2 0 2
4 0 0 2 2
0 4 4 2 0
8 0 16 4 0
4 2 0 0 0
AFTER
0 0 0 4 2
0 0 0 4 4
0 0 0 8 2
0 0 8 16 4
0 0 0 4 2
---------
UP
0 2 8 0 2 2
2 0 0 0 2 4
8 2 0 0 2 8
2 2 0 0 2 64
2 8 0 2 16 2
0 0 4 0 2 0
AFTER
2 4 8 2 4 2
8 2 4 0 4 4
4 8 0 0 16 8
0 0 0 0 2 64
0 0 0 0 0 2
0 0 0 0 0 0
---------
RIGHT
8 0 2 8 128 2
0 2 2 2 2 2
2 0 4 0 2 0
0 0 2 2 4 2
0 0 0 0 0 2
0 4 2 0 2 8
AFTER
0 8 2 8 128 2
0 0 0 4 4 2
0 0 0 2 4 2
0 0 0 4 4 2
0 0 0 0 0 2
0 0 0 4 4 8
---------
LEFT
2 2 0 2 0 2 2 0 2
2 0 16 2 2 0 8 8 0
0 0 0 8 4 2 0 2 0
0 2 0 0 4 2 16 0 32
16 0 2 0 8 2 0 2 0
2 2 0 0 32 2 2 16 0
2 0 4 4 2 16 0 4 2
8 4 4 0 2 2 2 0 4
2 4 2 2 32 0 2 4 4
AFTER
4 4 4 0 0 0 0 0 0
2 16 4 16 0 0 0 0 0
8 4 4 0 0 0 0 0 0
2 4 2 16 32 0 0 0 0
16 2 8 4 0 0 0 0 0
4 32 4 16 0 0 0 0 0
2 8 2 16 4 2 0 0 0
8 8 4 2 4 0 0 0 0
2 4 4 32 2 8 0 0 0
---------
LEFT
2 4 4 2 0 0 16
0 2 2 32 0 0 0
16 2 0 2 4 2 2
0 0 2 2 2 0 8
4 2 0 0 4 2 0
16 4 2 2 0 2 2
8 32 2 16 32 0 8
AFTER
2 8 2 16 0 0 0
4 32 0 0 0 0 0
16 4 4 4 0 0 0
4 2 8 0 0 0 0
4 2 4 2 0 0 0
16 4 4 4 0 0 0
8 32 2 16 32 8 0
---------
UP
0 2 8 0 0 8 0 2 4 4
2 16 2 4 2 2 4 0 2 0
4 0 0 0 0 0 2 0 2 0
2 8 2 4 16 0 0 2 4 16
64 16 0 0 4 16 2 4 0 4
2 2 8 2 8 2 2 32 4 16
2 0 0 2 2 2 0 2 0 2
2 2 0 8 0 4 4 128 4 2
2 0 2 32 2 4 4 0 0 2
8 0 0 4 0 0 32 0 2 4
AFTER
2 2 8 8 2 8 4 4 4 4
4 16 4 4 16 2 4 4 4 16
2 8 8 8 4 16 2 32 8 4
64 16 2 32 8 4 8 2 4 16
4 4 0 4 4 8 32 128 2 4
4 0 0 0 0 0 0 0 0 2
8 0 0 0 0 0 0 0 0 4
0 0 0 0 0 0 0 0 0 0
0 0 0 0 0 0 0 0 0 0
0 0 0 0 0 0 0 0 0 0
---------
DOWN
0 2 8 2 2 0 0 4 2
0 2 8 4 2 8 2 4 0
0 0 2 4 0 2 2 0 4
2 2 0 2 2 2 0 2 0
0 4 8 0 2 4 16 4 4
2 0 0 8 0 16 8 2 4
8 8 2 2 2 0 8 2 2
0 0 4 0 8 0 4 2 0
2 2 2 8 2 0 8 0 2
AFTER
0 0 0 0 0 0 0 0 0
0 0 0 0 0 0 0 0 0
0 0 0 0 0 0 0 0 0
0 0 16 2 0 0 0 0 0
0 4 2 8 4 0 4 8 0
0 2 8 2 4 8 16 2 2
4 4 2 8 2 4 16 4 8
8 8 4 2 8 4 4 4 4
2 2 2 8 2 16 8 2 4
---------
UP
2 0 4 8 0 2 0 0
0 4 0 16 2 4 2 0
0 2 2 0 0 2 2 0
2 0 4 2 2 0 8 2
0 2 2 0 4 2 4 16
0 0 2 4 0 0 2 2
8 0 4 0 2 2 2 2
128 2 2 0 2 2 2 16
AFTER
4 4 4 8 4 2 4 2
8 4 2 16 4 4 8 16
128 2 4 2 4 4 4 4
0 0 4 4 0 4 4 16
0 0 4 0 0 0 2 0
0 0 2 0 0 0 0 0
0 0 0 0 0 0 0 0
0 0 0 0 0 0 0 0
---------
UP
4 8 2 4 2 0
2 4 0 4 2 2
0 2 0 2 4 4
2 2 4 0 0 4
4 0 0 0 0 2
4 0 0 0 2 2
AFTER
4 8 2 8 4 2
4 4 4 2 4 8
8 4 0 0 2 4
0 0 0 0 0 0
0 0 0 0 0 0
0 0 0 0 0 0
---------
LEFT
0 0 0 2 2
0 4 0 4 2
0 8 2 2 4
2 0 4 2 2
8 0 8 2 0
AFTER
4 0 0 0 0
8 2 0 0 0
8 4 4 0 0
2 4 4 0 0
16 2 0 0 0
---------
UP
8 0 2 2 0 0
2 0 0 0 0 2
2 0 0 0 0 2
2 0 0 0 2 0
4 0 2 2 2 2
2 0 4 0 2 0
AFTER
8 0 4 4 4 4
4 0 4 0 2 2
2 0 0 0 0 0
4 0 0 0 0 0
2 0 0 0 0 0
0 0 0 0 0 0
---------
UP
0 4 0 4 2
2 0 0 4 0
0 0 2 0 0
4 2 0 8 2
0 2 4 8 0
AFTER
2 4 2 8 4
4 4 4 16 0
0 0 0 0 0
0 0 0 0 0
0 0 0 0 0
---------
LEFT
4 8 8 0 8 64 2 0
0 2 0 0 0 0 2 0
0 0 2 0 2 2 2 0
0 2 0 32 0 8 4 512
4 0 4 0 2 0 4 4
0 0 2 4 2 4 0 8
0 2 2 0 16 4 0 16
0 16 2 4 4 16 0 32
AFTER
4 16 8 64 2 0 0 0
4 0 0 0 0 0 0 0
4 4 0 0 0 0 0 0
2 32 8 4 512 0 0 0
8 2 8 0 0 0 0 0
2 4 2 4 8 0 0 0
4 16 4 16 0 0 0 0
16 2 8 16 32 0 0 0
---------
LEFT
8 0 0 32 0
0 2 0 0 4
0 2 0 2 2
0 0 4 0 8
2 4 0 2 2
AFTER
8 32 0 0 0
2 4 0 0 0
4 2 0 0 0
4 8 0 0 0
2 4 4 0 0
---------
LEFT
4 2 8 0 0 8
2 0 2 0 2 2
2 0 0 4 2 0
2 4 0 16 32 2
0 8 2 8 0 2
4 4 0 0 0 4
AFTER
4 2 16 0 0 0
4 4 0 0 0 0
2 4 2 0 0 0
2 4 16 32 2 0
8 2 8 2 0 0
8 4 0 0 0 0
---------
RIGHT
0 0 2 8 0 4 0 2
64 0 32 0 8 4 0 0
16 0 4 0 2 0 0 0
4 0 16 4 0 128 2 2
0 2 0 0 4 0 4 0
4 2 2 2 0 0 0 8
4 0 2 0 4 0 256 2
2 2 0 0 0 0 2 8
AFTER
0 0 0 0 2 8 4 2
0 0 0 0 64 32 8 4
0 0 0 0 0 16 4 2
0 0 0 4 16 4 128 4
0 0 0 0 0 0 2 8
0 0 0 0 4 4 2 8
0 0 0 4 2 4 256 2
0 0 0 0 0 4 2 8
---------
RIGHT
0 8 8 0 2 2 0 0 0
0 0 2 2 0 2 2 2 2
0 2 2 0 2 4 2 0 2
2 8 0 0 0 0 0 2 16
4 4 2 2 0 8 4 0 4
4 4 2 0 32 16 0 0 16
4 0 0 0 0 8 8 4 0
2 0 0 2 0 0 4 0 2
2 2 2 4 2 8 8 0 4
AFTER
0 0 0 0 0 0 0 16 4
0 0 0 0 0 0 4 4 4
0 0 0 0 0 4 2 4 4
0 0 0 0 0 2 8 2 16
0 0 0 0 0 8 4 8 8
0 0 0 0 0 8 2 32 32
0 0 0 0 0 0 4 16 4
0 0 0 0 0 0 4 4 2
0 0 0 4 2 4 2 16 4
---------
UP
2 4 2 0 0 0 4 0 4
4 0 0 0 0 2 2 0 0
0 2 0 0 0 2 0 2 2
2 0 32 0 0 0 2 2 0
2 0 8 2 4 0 0 0 0
0 8 0 16 0 0 0 8 2
0 0 2 4 0 4 4 0 8
4 0 2 2 0 0 32 8 0
0 16 0 2 0 0 2 2 0
AFTER
2 4 2 2 4 4 4 4 4
4 2 32 16 0 4 4 16 4
4 8 8 4 0 0 4 2 8
4 16 4 4 0 0 32 0 0
0 0 0 0 0 0 2 0 0
0 0 0 0 0 0 0 0 0
0 0 0 0 0 0 0 0 0
0 0 0 0 0 0 0 0 0
0 0 0 0 0 0 0 0 0
---------
DOWN
128 16 0 4 0 2
0 8 0 2 0 0
0 4 2 2 0 2
32 16 2 2 0 4
0 4 2 0 4 0
2 2 8 4 0 0
AFTER
0 16 0 0 0 0
0 8 0 0 0 0
0 4 0 4 0 0
128 16 4 4 0 0
32 4 2 2 0 4
2 2 8 4 4 4
---------
RIGHT
0 8 0 0 8 2
2 2 2 2 0 32
0 8 0 4 4 2
2 4 2 2 4 4
0 0 2 0 0 2
0 0 0 0 0 0
AFTER
0 0 0 0 16 2
0 0 0 4 4 32
0 0 0 8 8 2
0 0 2 4 4 8
0 0 0 0 0 4
0 0 0 0 0 0
---------
DOWN
0 2 16 2
2 2 2 0
2 0 16 64
0 4 2 4
AFTER
0 0 16 0
0 0 2 2
0 4 16 64
4 4 2 4
---------
DOWN
0 8 2 0 4 2 0
0 0 0 0 4 0 0
4 2 4 4 4 8 0
0 0 4 16 0 2 0
4 0 0 2 2 0 4
0 2 0 8 8 0 0
0 2 2 8 2 2 8
AFTER
0 0 0 0 0 0 0
0 0 0 0 0 0 0
0 0 0 0 8 0 0
0 0 0 4 4 0 0
0 8 2 16 2 2 0
0 4 8 2 8 8 4
8 2 2 16 2 4 8
---------
LEFT
2 4 2 0
16 2 0 8
0 16 8 8
2 0 2 2
AFTER
2 4 2 0
16 2 8 0
16 16 0 0
4 2 0 0
---------
RIGHT
2 2 0 2
8 0 0 4
0 2 8 0
0 0 0 0
AFTER
0 0 4 2
0 0 8 4
0 0 2 8
0 0 0 0
---------
RIGHT
2 2 0 0 0
0 0 2 0 0
4 2 256 0 2
2 0 8 4 2
0 2 4 2 0
AFTER
0 0 0 0 4
0 0 0 0 2
0 4 2 256 2
0 2 8 4 2
0 0 2 4 2
---------
DOWN
2 16 4 0 0 32 2 2
8 0 0 8 2 0 0 4
0 2 0 0 4 0 0 8
0 8 16 4 2 0 2 16
0 0 32 4 2 4 0 4
0 0 64 2 0 0 4 2
2 0 2 64 0 2 2 2
2 8 2 0 16 2 2 0
AFTER
0 0 0 0 0 0 0 0
0 0 0 0 0 0 0 0
0 0 0 0 0 0 0 2
0 0 4 0 0 0 0 4
0 0 16 8 2 0 0 8
2 16 32 8 4 32 4 16
8 2 64 2 4 4 4 4
4 16 4 64 16 4 4 4
---------
RIGHT
0 2 2 2 0 8
0 2 2 4 8 16
0 16 0 8 4 0
0 8 0 4 2 2
8 0 0 0 0 0
2 2 0 64 2 0
AFTER
0 0 0 4 2 8
0 0 4 4 8 16
0 0 0 16 8 4
0 0 0 8 4 4
0 0 0 0 0 8
0 0 0 4 64 2
---------
DOWN
0 8 0 2 1024 16
2 4 0 2 0 8
2 4 4 2 2 2
4 4 0 2 0 2
0 8 0 0 0 4
0 4 0 2 2 0
AFTER
0 0 0 0 0 0
0 8 0 0 0 0
0 8 0 0 0 16
0 4 0 4 0 8
4 8 0 4 1024 4
4 4 4 2 4 4
---------
DOWN
0 4 0 2 2 4 2 16
0 0 16 4 2 2 0 2
16 2 2 0 0 4 0 0
0 0 0 0 0 0 2 16
2 4 2 2 2 8 2 8
0 0 4 0 16 2 0 2
2 32 0 0 128 0 0 2
0 0 0 16 2 2 2 64
AFTER
0 0 0 0 0 0 0 0
0 0 0 0 0 0 0 0
0 0 0 0 0 0 0 16
0 0 0 0 4 4 0 2
0 4 0 2 2 2 0 16
0 2 16 4 16 4 0 8
16 4 4 2 128 8 4 4
4 32 4 16 2 4 4 64
---------
RIGHT
2 2 2 0 0 2
4 0 2 2 2 0
4 0 0 2 4 0
8 0 0 2 4 2
4 16 32 0 0 2
2 4 0 2 0 2
AFTER
0 0 0 0 4 4
0 0 0 4 4 2
0 0 0 4 2 4
0 0 8 2 4 2
0 0 4 16 32 2
0 0 0 2 4 4
---------
DOWN
4 32 2 0 0 0 256
0 2 2 2 4 2 2
4 4 4 2 0 0 0
2 4 0 4 0 0 32
2 0 0 0 0 0 2
2 0 2 0 0 0 2
2 0 0 2 16 2 4
AFTER
0 0 0 0 0 0 0
0 0 0 0 0 0 0
0 0 0 0 0 0 256
0 0 0 0 0 0 2
8 32 4 4 0 0 32
4 2 4 4 4 0 4
4 8 2 2 16 4 4
---------
UP
4 0 4 2
0 2 2 2
16 0 8 0
0 0 0 0
AFTER
4 2 4 4
16 0 2 0
0 0 8 0
0 0 0 0
---------
LEFT
2 0 0 0 8 4 2
0 0 2 2 0 0 2
0 0 0 0 2 2 0
0 256 4 2 8 8 2
0 8 0 2 2 2 0
8 2 2 4 0 4 0
8 2 2 0 2 2 4
AFTER
2 8 4 2 0 0 0
4 2 0 0 0 0 0
4 0 0 0 0 0 0
256 4 2 16 2 0 0
8 4 2 0 0 0 0
8 4 8 0 0 0 0
8 4 4 4 0 0 0
---------
RIGHT
2 2 8 8 2 2 4 0 2
2 0 4 8 2 8 4 16 2
4 0 4 2 8 2 0 0 0
2 8 4 16 0 0 0 8 4
2 4 4 2 0 2 0 0 4
8 0 2 0 0 8 8 0 0
0 0 2 8 4 4 2 0 0
4 0 2 2 0 8 8 0 0
2 2 64 0 0 4 2 0 0
AFTER
0 0 0 0 4 16 4 4 2
0 2 4 8 2 8 4 16 2
0 0 0 0 0 8 2 8 2
0 0 0 2 8 4 16 8 4
0 0 0 0 0 2 8 4 4
0 0 0 0 0 0 8 2 16
0 0 0 0 0 2 8 8 2
0 0 0 0 0 0 4 4 16
0 0 0 0 0 4 64 4 2
---------
