DOWN; 5; 4 0 2 0 16|0 0 0 0 0|8 0 0 2 0|2 0 0 0 4|8 0 2 0 0
LEFT; 5; 0 0 2 8 0|0 4 0 4 2|0 16 4 0 0|4 0 2 8 0|0 0 2 0 2
UP; 5; 8 2 4 2 2|0 0 0 0 2|0 4 0 0 0|2 0 0 2 0|0 8 32 16 4
RIGHT; 5; 0 0 0 0 4|2 2 2 0 0|2 2 0 0 2|2 0 0 2 0|2 4 0 0 0
DOWN; 5; 2 4 2 2 2|2 2 8 8 0|2 2 0 2 64|32 0 4 0 2|0 2 2 0 8
UP; 6; 0 0 2 4 4 0|4 2 2 2 2 4|2 8 2 0 0 0|2 4 8 128 0 2|0 2 32 4 8 2|16 2 4 8 2 0
RIGHT; 5; 2 0 2 0 2|4 0 0 2 2|0 4 4 2 0|8 0 16 4 0|4 2 0 0 0
UP; 6; 0 2 8 0 2 2|2 0 0 0 2 4|8 2 0 0 2 8|2 2 0 0 2 64|2 8 0 2 16 2|0 0 4 0 2 0
RIGHT; 6; 8 0 2 8 128 2|0 2 2 2 2 2|2 0 4 0 2 0|0 0 2 2 4 2|0 0 0 0 0 2|0 4 2 0 2 8
LEFT; 9; 2 2 0 2 0 2 2 0 2|2 0 16 2 2 0 8 8 0|0 0 0 8 4 2 0 2 0|0 2 0 0 4 2 16 0 32|16 0 2 0 8 2 0 2 0|2 2 0 0 32 2 2 16 0|2 0 4 4 2 16 0 4 2|8 4 4 0 2 2 2 0 4|2 4 2 2 32 0 2 4 4
LEFT; 7; 2 4 4 2 0 0 16|0 2 2 32 0 0 0|16 2 0 2 4 2 2|0 0 2 2 2 0 8|4 2 0 0 4 2 0|16 4 2 2 0 2 2|8 32 2 16 32 0 8
UP; 10; 0 2 8 0 0 8 0 2 4 4|2 16 2 4 2 2 4 0 2 0|4 0 0 0 0 0 2 0 2 0|2 8 2 4 16 0 0 2 4 16|64 16 0 0 4 16 2 4 0 4|2 2 8 2 8 2 2 32 4 16|2 0 0 2 2 2 0 2 0 2|2 2 0 8 0 4 4 128 4 2|2 0 2 32 2 4 4 0 0 2|8 0 0 4 0 0 32 0 2 4
DOWN; 9; 0 2 8 2 2 0 0 4 2|0 2 8 4 2 8 2 4 0|0 0 2 4 0 2 2 0 4|2 2 0 2 2 2 0 2 0|0 4 8 0 2 4 16 4 4|2 0 0 8 0 16 8 2 4|8 8 2 2 2 0 8 2 2|0 0 4 0 8 0 4 2 0|2 2 2 8 2 0 8 0 2
UP; 8; 2 0 4 8 0 2 0 0|0 4 0 16 2 4 2 0|0 2 2 0 0 2 2 0|2 0 4 2 2 0 8 2|0 2 2 0 4 2 4 16|0 0 2 4 0 0 2 2|8 0 4 0 2 2 2 2|128 2 2 0 2 2 2 16
UP; 6; 4 8 2 4 2 0|2 4 0 4 2 2|0 2 0 2 4 4|2 2 4 0 0 4|4 0 0 0 0 2|4 0 0 0 2 2
LEFT; 5; 0 0 0 2 2|0 4 0 4 2|0 8 2 2 4|2 0 4 2 2|8 0 8 2 0
UP; 6; 8 0 2 2 0 0|2 0 0 0 0 2|2 0 0 0 0 2|2 0 0 0 2 0|4 0 2 2 2 2|2 0 4 0 2 0
UP; 5; 0 4 0 4 2|2 0 0 4 0|0 0 2 0 0|4 2 0 8 2|0 2 4 8 0
LEFT; 8; 4 8 8 0 8 64 2 0|0 2 0 0 0 0 2 0|0 0 2 0 2 2 2 0|0 2 0 32 0 8 4 512|4 0 4 0 2 0 4 4|0 0 2 4 2 4 0 8|0 2 2 0 16 4 0 16|0 16 2 4 4 16 0 32
LEFT; 5; 8 0 0 32 0|0 2 0 0 4|0 2 0 2 2|0 0 4 0 8|2 4 0 2 2
LEFT; 6; 4 2 8 0 0 8|2 0 2 0 2 2|2 0 0 4 2 0|2 4 0 16 32 2|0 8 2 8 0 2|4 4 0 0 0 4
RIGHT; 8; 0 0 2 8 0 4 0 2|64 0 32 0 8 4 0 0|16 0 4 0 2 0 0 0|4 0 16 4 0 128 2 2|0 2 0 0 4 0 4 0|4 2 2 2 0 0 0 8|4 0 2 0 4 0 256 2|2 2 0 0 0 0 2 8
RIGHT; 9; 0 8 8 0 2 2 0 0 0|0 0 2 2 0 2 2 2 2|0 2 2 0 2 4 2 0 2|2 8 0 0 0 0 0 2 16|4 4 2 2 0 8 4 0 4|4 4 2 0 32 16 0 0 16|4 0 0 0 0 8 8 4 0|2 0 0 2 0 0 4 0 2|2 2 2 4 2 8 8 0 4
UP; 9; 2 4 2 0 0 0 4 0 4|4 0 0 0 0 2 2 0 0|0 2 0 0 0 2 0 2 2|2 0 32 0 0 0 2 2 0|2 0 8 2 4 0 0 0 0|0 8 0 16 0 0 0 8 2|0 0 2 4 0 4 4 0 8|4 0 2 2 0 0 32 8 0|0 16 0 2 0 0 2 2 0
DOWN; 6; 128 16 0 4 0 2|0 8 0 2 0 0|0 4 2 2 0 2|32 16 2 2 0 4|0 4 2 0 4 0|2 2 8 4 0 0
RIGHT; 6; 0 8 0 0 8 2|2 2 2 2 0 32|0 8 0 4 4 2|2 4 2 2 4 4|0 0 2 0 0 2|0 0 0 0 0 0
DOWN; 4; 0 2 16 2|2 2 2 0|2 0 16 64|0 4 2 4
DOWN; 7; 0 8 2 0 4 2 0|0 0 0 0 4 0 0|4 2 4 4 4 8 0|0 0 4 16 0 2 0|4 0 0 2 2 0 4|0 2 0 8 8 0 0|0 2 2 8 2 2 8
LEFT; 4; 2 4 2 0|16 2 0 8|0 16 8 8|2 0 2 2
RIGHT; 4; 2 2 0 2|8 0 0 4|0 2 8 0|0 0 0 0
RIGHT; 5; 2 2 0 0 0|0 0 2 0 0|4 2 256 0 2|2 0 8 4 2|0 2 4 2 0
DOWN; 8; 2 16 4 0 0 32 2 2|8 0 0 8 2 0 0 4|0 2 0 0 4 0 0 8|0 8 16 4 2 0 2 16|0 0 32 4 2 4 0 4|0 0 64 2 0 0 4 2|2 0 2 64 0 2 2 2|2 8 2 0 16 2 2 0
RIGHT; 6; 0 2 2 2 0 8|0 2 2 4 8 16|0 16 0 8 4 0|0 8 0 4 2 2|8 0 0 0 0 0|2 2 0 64 2 0
DOWN; 6; 0 8 0 2 1024 16|2 4 0 2 0 8|2 4 4 2 2 2|4 4 0 2 0 2|0 8 0 0 0 4|0 4 0 2 2 0
DOWN; 8; 0 4 0 2 2 4 2 16|0 0 16 4 2 2 0 2|16 2 2 0 0 4 0 0|0 0 0 0 0 0 2 16|2 4 2 2 2 8 2 8|0 0 4 0 16 2 0 2|2 32 0 0 128 0 0 2|0 0 0 16 2 2 2 64
RIGHT; 6; 2 2 2 0 0 2|4 0 2 2 2 0|4 0 0 2 4 0|8 0 0 2 4 2|4 16 32 0 0 2|2 4 0 2 0 2
DOWN; 7; 4 32 2 0 0 0 256|0 2 2 2 4 2 2|4 4 4 2 0 0 0|2 4 0 4 0 0 32|2 0 0 0 0 0 2|2 0 2 0 0 0 2|2 0 0 2 16 2 4
UP; 4; 4 0 4 2|0 2 2 2|16 0 8 0|0 0 0 0
LEFT; 7; 2 0 0 0 8 4 2|0 0 2 2 0 0 2|0 0 0 0 2 2 0|0 256 4 2 8 8 2|0 8 0 2 2 2 0|8 2 2 4 0 4 0|8 2 2 0 2 2 4
RIGHT; 9; 2 2 8 8 2 2 4 0 2|2 0 4 8 2 8 4 16 2|4 0 4 2 8 2 0 0 0|2 8 4 16 0 0 0 8 4|2 4 4 2 0 2 0 0 4|8 0 2 0 0 8 8 0 0|0 0 2 8 4 4 2 0 0|4 0 2 2 0 8 8 0 0|2 2 64 0 0 4 2 0 0
